0.198502 1.000000
0.207039 0.999989
0.233175 0.999728
0.268580 0.999018
0.306229 0.998177
0.342786 0.997723
0.377438 0.996598
0.408377 0.995721
0.436639 0.994675
0.461911 0.993517
0.485655 0.992297
0.506999 0.990867
0.527307 0.989246
0.546830 0.987899
0.564271 0.986260
0.581666 0.984334
0.597740 0.982538
0.613074 0.980773
0.627874 0.978720
0.641889 0.976814
0.654252 0.974889
0.666398 0.973177
0.678286 0.971318
0.689195 0.969127
0.699359 0.967331
0.709254 0.964717
0.718684 0.962254
0.727301 0.959768
0.735692 0.957707
0.744798 0.955697
0.752565 0.953092
0.759672 0.950381
0.767282 0.947667
0.773592 0.944847
0.779359 0.942115
0.784917 0.939393
0.790634 0.936200
0.796442 0.933388
0.802176 0.930561
0.806523 0.927751
0.811389 0.924866
0.816351 0.922362
0.820684 0.919364
0.825737 0.916983
0.830108 0.914504
0.833993 0.912228
0.837858 0.909688
0.841369 0.907325
0.845661 0.904658
0.849073 0.901722
0.852812 0.898980
0.855313 0.896386
0.858096 0.893601
0.860446 0.890797
0.862776 0.888527
0.865204 0.886020
0.867833 0.883348
0.870011 0.880479
0.872077 0.877804
0.874316 0.874811
0.876163 0.871669
0.877752 0.868796
0.879543 0.866654
0.881614 0.863887
0.883038 0.861118
0.884402 0.858038
0.885706 0.855383
0.887124 0.852269
0.888337 0.849173
0.889863 0.846326
0.891054 0.843756
0.892308 0.841157
0.893136 0.838886
0.894397 0.835855
0.895829 0.833904
0.897302 0.831355
0.898408 0.828720
0.898984 0.825915
0.899983 0.823026
0.900942 0.820486
0.901333 0.817584
0.902156 0.815042
0.902874 0.812311
0.903665 0.809223
0.904301 0.806045
0.904842 0.803522
0.905236 0.800752
0.905714 0.798298
0.906509 0.795565
0.906848 0.792579
0.907640 0.789750
0.907825 0.787073
0.908237 0.784288
0.908846 0.781799
0.909537 0.779332
0.910208 0.777044
0.910564 0.775008
0.911014 0.772995
0.911635 0.770208
0.912405 0.768066
0.913247 0.765907
0.913845 0.763191
0.914109 0.760914
0.914661 0.758382
0.914878 0.756533
0.915258 0.754115
0.915516 0.751853
0.916046 0.750160
0.916450 0.748042
0.916708 0.745755
0.916720 0.743936
0.916964 0.741896
0.917306 0.739035
0.917471 0.736754
0.917747 0.734078
0.917881 0.731880
0.917853 0.729192
0.917996 0.727117
0.918283 0.724907
0.918665 0.722541
0.918624 0.720529
0.918683 0.718594
0.918714 0.716907
0.919015 0.714568
0.919157 0.712538
0.919289 0.710643
0.919577 0.708644
0.919477 0.706469
0.919540 0.704361
0.919238 0.702067
0.919356 0.700202
0.919498 0.698373
0.919745 0.696244
0.919862 0.694471
0.919779 0.692705
0.919771 0.690953
0.919081 0.689244
0.919442 0.687570
0.919405 0.686086
0.919490 0.684463
0.919817 0.682748
0.919765 0.680816
0.919707 0.679067
0.919929 0.677590
0.920052 0.675575
0.920250 0.673775
0.920194 0.671426
0.920347 0.669714
0.920265 0.667858
0.920351 0.665728
0.919963 0.663920
0.920259 0.662103
0.920179 0.659926
0.920061 0.658494
0.920114 0.656497
0.920380 0.654942
0.920239 0.653554
0.920546 0.651913
0.920849 0.650329
0.921040 0.648635
0.921097 0.646880
0.920839 0.645417
0.920795 0.643769
0.920993 0.642223
0.921347 0.640351
0.921033 0.638633
0.921257 0.637010
0.921329 0.634637
0.921168 0.633224
0.921295 0.631516
0.921359 0.629527
0.921345 0.627919
0.921353 0.626328
0.921301 0.624513
0.921357 0.622849
0.921109 0.621514
0.920978 0.619858
0.921060 0.617855
0.921006 0.616153
0.921236 0.614320
0.921395 0.612676
0.921336 0.610977
0.921421 0.609255
0.921515 0.607278
0.921259 0.605817
0.921382 0.603736
0.921704 0.601705
0.922320 0.599779
0.922532 0.597901
0.923098 0.595836
0.923372 0.593005
0.923317 0.590813
0.923477 0.588507
0.923896 0.586440
0.924326 0.583512
0.924768 0.580749
0.925545 0.577947
0.925944 0.575114
0.926473 0.572080
0.926721 0.569272
0.926993 0.566208
0.927284 0.563247
0.927502 0.559088
0.927708 0.555754
0.927587 0.551468
0.928154 0.547770
0.928643 0.542932
0.929117 0.538883
0.929816 0.534499
0.930278 0.530568
0.930624 0.525416
0.930967 0.520235
0.931784 0.514661
0.932138 0.509242
0.932621 0.502971
0.932877 0.496512
0.933159 0.490897
0.933702 0.485016
0.934344 0.477784
0.934660 0.470745
0.934632 0.463273
0.935370 0.456113
0.935383 0.448744
0.936318 0.440102
0.936824 0.431418
0.936947 0.422959
0.937295 0.413396
0.937610 0.403201
0.938344 0.392818
0.938252 0.383087
0.938457 0.371796
0.938580 0.361140
0.938876 0.350268
0.939329 0.339055
0.939297 0.326802
0.939344 0.314054
0.939919 0.301041
0.940064 0.288245
0.940463 0.274829
0.940670 0.260840
0.940226 0.245839
0.940642 0.231229
0.941099 0.216127
0.941034 0.200947
0.940342 0.185168
0.940737 0.168463
0.941551 0.151525
0.940919 0.135858
0.941386 0.119198
0.941190 0.103146
0.942085 0.088969
0.942016 0.074095
0.941508 0.058969
0.941980 0.046919
0.942193 0.035559
0.942604 0.026584
