1.000000 1.000000
0.999989 0.950005
0.999728 0.829492
0.999018 0.705622
0.998177 0.601904
0.997723 0.516962
0.996598 0.448191
0.995721 0.395087
0.994675 0.352058
0.993517 0.317131
0.992297 0.287553
0.990867 0.262911
0.989246 0.241238
0.987899 0.221827
0.986260 0.205318
0.984334 0.190027
0.982538 0.176796
0.980773 0.164886
0.978720 0.154116
0.976814 0.144655
0.974889 0.136264
0.973177 0.128377
0.971318 0.120973
0.969127 0.114595
0.967331 0.108759
0.964717 0.103467
0.962254 0.098516
0.959768 0.093770
0.957707 0.089386
0.955697 0.085153
0.953092 0.081373
0.950381 0.077956
0.947667 0.074674
0.944847 0.071691
0.942115 0.069016
0.939393 0.066465
0.936200 0.063929
0.933388 0.061475
0.930561 0.059171
0.927751 0.057275
0.924866 0.055383
0.922362 0.053442
0.919364 0.051714
0.916983 0.049867
0.914504 0.048361
0.912228 0.046900
0.909688 0.045487
0.907325 0.044174
0.904658 0.042805
0.901722 0.041538
0.898980 0.040249
0.896386 0.039266
0.893601 0.038247
0.890797 0.037367
0.888527 0.036476
0.886020 0.035640
0.883348 0.034778
0.880479 0.033916
0.877804 0.033141
0.874811 0.032427
0.871669 0.031754
0.868796 0.031192
0.866654 0.030622
0.863887 0.030032
0.861118 0.029501
0.858038 0.028918
0.855383 0.028362
0.852269 0.027848
0.849173 0.027421
0.846326 0.027015
0.843756 0.026607
0.841157 0.026120
0.838886 0.025776
0.835855 0.025378
0.833904 0.024977
0.831355 0.024578
0.828720 0.024271
0.825915 0.024030
0.823026 0.023699
0.820486 0.023371
0.817584 0.023081
0.815042 0.022794
0.812311 0.022570
0.809223 0.022319
0.806045 0.022020
0.803522 0.021770
0.800752 0.021586
0.798298 0.021410
0.795565 0.021152
0.792579 0.020925
0.789750 0.020717
0.787073 0.020535
0.784288 0.020328
0.781799 0.020149
0.779332 0.019981
0.777044 0.019781
0.775008 0.019617
0.772995 0.019438
0.770208 0.019237
0.768066 0.019090
0.765907 0.018909
0.763191 0.018721
0.760914 0.018608
0.758382 0.018466
0.756533 0.018283
0.754115 0.018087
0.751853 0.017958
0.750160 0.017798
0.748042 0.017582
0.745755 0.017391
0.743936 0.017221
0.741896 0.017101
0.739035 0.016911
0.736754 0.016726
0.734078 0.016508
0.731880 0.016376
0.729192 0.016256
0.727117 0.016059
0.724907 0.015936
0.722541 0.015788
0.720529 0.015684
0.718594 0.015623
0.716907 0.015541
0.714568 0.015432
0.712538 0.015340
0.710643 0.015249
0.708644 0.015132
0.706469 0.015025
0.704361 0.014957
0.702067 0.014871
0.700202 0.014759
0.698373 0.014663
0.696244 0.014547
0.694471 0.014411
0.692705 0.014313
0.690953 0.014217
0.689244 0.014113
0.687570 0.013987
0.686086 0.013884
0.684463 0.013803
0.682748 0.013713
0.680816 0.013615
0.679067 0.013567
0.677590 0.013478
0.675575 0.013385
0.673775 0.013293
0.671426 0.013217
0.669714 0.013137
0.667858 0.013056
0.665728 0.012952
0.663920 0.012895
0.662103 0.012834
0.659926 0.012762
0.658494 0.012681
0.656497 0.012610
0.654942 0.012522
0.653554 0.012431
0.651913 0.012340
0.650329 0.012269
0.648635 0.012175
0.646880 0.012099
0.645417 0.012034
0.643769 0.011962
0.642223 0.011891
0.640351 0.011780
0.638633 0.011711
0.637010 0.011597
0.634637 0.011475
0.633224 0.011419
0.631516 0.011295
0.629527 0.011216
0.627919 0.011116
0.626328 0.011025
0.624513 0.010926
0.622849 0.010811
0.621514 0.010742
0.619858 0.010654
0.617855 0.010531
0.616153 0.010437
0.614320 0.010346
0.612676 0.010273
0.610977 0.010154
0.609255 0.010060
0.607278 0.009936
0.605817 0.009826
0.603736 0.009718
0.601705 0.009561
0.599779 0.009382
0.597901 0.009259
0.595836 0.009107
0.593005 0.009005
0.590813 0.008890
0.588507 0.008798
0.586440 0.008679
0.583512 0.008555
0.580749 0.008424
0.577947 0.008233
0.575114 0.008106
0.572080 0.007950
0.569272 0.007803
0.566208 0.007734
0.563247 0.007594
0.559088 0.007429
0.555754 0.007273
0.551468 0.007105
0.547770 0.006938
0.542932 0.006771
0.538883 0.006620
0.534499 0.006483
0.530568 0.006319
0.525416 0.006159
0.520235 0.006011
0.514661 0.005886
0.509242 0.005768
0.502971 0.005628
0.496512 0.005454
0.490897 0.005345
0.485016 0.005185
0.477784 0.004977
0.470745 0.004811
0.463273 0.004677
0.456113 0.004539
0.448744 0.004384
0.440102 0.004235
0.431418 0.004085
0.422959 0.003956
0.413396 0.003768
0.403201 0.003623
0.392818 0.003465
0.383087 0.003359
0.371796 0.003220
0.361140 0.003064
0.350268 0.002967
0.339055 0.002821
0.326802 0.002687
0.314054 0.002519
0.301041 0.002407
0.288245 0.002269
0.274829 0.002146
0.260840 0.002015
0.245839 0.001895
0.231229 0.001771
0.216127 0.001619
0.200947 0.001525
0.185168 0.001404
0.168463 0.001301
0.151525 0.001163
0.135858 0.001058
0.119198 0.000934
0.103146 0.000833
0.088969 0.000710
0.074095 0.000594
0.058969 0.000519
0.046919 0.000424
0.035559 0.000354
0.026584 0.000306
